0 0.7477374623219172 0.7277789314587911
1 0.6542235165834427 0.653597354888916
2 0.5936189244190851 0.5804834961891174
3 0.5812178949515024 0.5677423278490702
4 0.566590445737044 0.5627414186795553
5 0.588343712190787 0.5758472084999084
6 0.5606623167792956 0.5556560357411703
7 0.5583930710951487 0.5512991448243459
8 0.5580400054653486 0.5484943985939026
9 0.5513545225063959 0.5465720097223917
10 0.5485180815060934 0.5448668301105499
11 0.547091839214166 0.544071783622106
12 0.5456999391317368 0.5457606017589569
13 0.5454342837134997 0.5472675661245981
14 0.5447951356569926 0.5446286499500275
15 0.5454919189214706 0.5485230187575022
16 0.5433101008335749 0.5453546543916067
17 0.543545792500178 0.543620377779007
18 0.5436028192440668 0.5443814396858215
19 0.553252692023913 0.5434682468573252
20 0.5413955623904864 0.5439587930838267
21 0.5412620479861895 0.5440146625041962
22 0.5459115381042162 0.5476327935854594
23 0.5420263707637787 0.5451759099960327
24 0.5427636305491129 0.5456652541955312
25 0.5426129773259163 0.5456521312395731
26 0.546345166862011 0.5459161996841431
27 0.5407660578687986 0.5466610391934713
28 0.5407780011494955 0.5478232304255167
29 0.541418602069219 0.5464038054148356
