0 0.7088080883026123 0.5962754338979721
1 0.6011881391207378 0.5371233969926834
2 0.6001171509424845 0.5327763929963112
3 0.5755141278107961 0.5303203761577606
4 0.5625592112541199 0.5287508144974709
5 0.5674660046895345 0.5259724706411362
6 0.5622838497161865 0.5259916856884956
7 0.565441765387853 0.5257138460874557
8 0.5645516316095988 0.5204274132847786
9 0.5586277147134145 0.5186197310686111
10 0.5572515924771627 0.5162094086408615
11 0.552593998114268 0.5147710368037224
12 0.5536686619122823 0.5139581635594368
13 0.5512898703416188 0.5139993727207184
14 0.5561236997445425 0.5145690441131592
15 0.5530390123526255 0.5154915004968643
16 0.556817356745402 0.5140931382775307
17 0.5505752384662628 0.5127604007720947
18 0.5500824054082235 0.5120295435190201
19 0.5489527463912964 0.512512281537056
20 0.5487405439217885 0.5117014348506927
21 0.5491319537162781 0.5121034681797028
22 0.5525894780953725 0.5117391720414162
23 0.5525886078675588 0.5125054568052292
24 0.5496735095977783 0.5115956738591194
25 0.5481059650580088 0.5107220336794853
26 0.5484940846761067 0.5101797431707382
27 0.5475707312424978 0.5099525824189186
28 0.5497284094492595 0.5098111778497696
