0 0.853263970464468 0.8504164665937424
1 0.7312398366630077 0.6862940043210983
2 0.7049192823469639 0.6271643936634064
3 0.6603794060647488 0.6128434389829636
4 0.6700735948979855 0.6213307604193687
5 0.6558667607605457 0.6105807572603226
6 0.6481058709323406 0.595976859331131
7 0.6519999373704195 0.5888826549053192
8 0.631218058988452 0.5811891481280327
9 0.6220758371055126 0.5878693982958794
10 0.6029658932238817 0.5788780003786087
11 0.6054594870656729 0.5733591541647911
12 0.6112445089966059 0.5771983787417412
13 0.5996883120387793 0.5720245465636253
14 0.5992754437029362 0.5711139887571335
15 0.6054869443178177 0.5671199932694435
16 0.5960178058594465 0.5572992488741875
17 0.5978175308555365 0.5581164136528969
18 0.5836989395320415 0.5558206886053085
19 0.5753011591732502 0.5533453449606895
20 0.5697899013757706 0.552939772605896
21 0.6058623678982258 0.5870884880423546
22 0.5864389929920435 0.5943086966872215
23 0.568761371076107 0.5438378974795341
24 0.5824114140123129 0.5494930371642113
25 0.5709251668304205 0.5509834587574005
26 0.5678349174559116 0.5471114814281464
27 0.5699203703552485 0.5457780957221985
28 0.5652749743312597 0.5445328503847122
29 0.5622582584619522 0.5427425727248192
